# oST version 5.0 parameters


[image]

width
640

height
480

[narrow_stereo/left]

camera matrix
634.469172 0.000000 310.226993
0.000000 630.576126 226.079145
0.000000 0.000000 1.000000

distortion
-0.003569 0.082032 -0.004089 -0.004479 0.000000

rectification
0.999260 0.001273 0.038443
-0.001286 0.999999 0.000310
-0.038442 -0.000359 0.999261

projection
668.980897 0.000000 279.237514 0.000000
0.000000 668.980897 224.939922 0.000000
0.000000 0.000000 1.000000 0.000000

# oST version 5.0 parameters


[image]

width
640

height
480

[narrow_stereo/right]

camera matrix
638.630429 0.000000 310.723223
0.000000 634.761936 225.545103
0.000000 0.000000 1.000000

distortion
-0.051133 0.358659 -0.005819 -0.003447 0.000000

rectification
0.999220 0.001845 0.039456
-0.001832 0.999998 -0.000370
-0.039457 0.000298 0.999221

projection
668.980897 0.000000 279.237514 36.500626
0.000000 668.980897 224.939922 0.000000
0.000000 0.000000 1.000000 0.000000

